   Instance      Module      Cell Count  Cell Area  Net Area   Total Area 
------------------------------------------------------------------------
fpu_double                      46041 177338.252 56073.588   233411.840 
fpu_double               46232 158350.703 56666.039   215016.742 
fpu_double               35610 111953.050 44759.656   156712.706 
fpu_double               29504  84119.585 38520.027   122639.612 
fpu_double               28890  80073.640 37684.472   117758.111 


fpu_double                      59653 231501.647 66880.140   298381.787 
fpu_double                      46041 177338.252 56073.588   233411.840 
fpu_double                      47193 177527.908 57020.062   234547.970 
fpu_double                      47822 180450.178 57681.790   238131.968 
fpu_double                      47758 180903.020 57495.285   238398.305 


fpu_double                      46041 177338.252 56073.588   233411.840 
fpu_double                      46041 177338.252 56073.588   233411.840 
fpu_double                      46041 177338.252 56073.588   233411.840 
fpu_double                      46041 177338.252 56073.588   233411.840 
fpu_double                      46041 177338.252 56073.588   233411.840 


fpu_double                      46041 177338.252 56073.588   233411.840 
fpu_double                      48102 182459.411 57946.788   240406.200 
fpu_double                      47574 183495.637 57460.713   240956.350 
fpu_double                      49738 193095.936 59516.408   252612.344 
fpu_double                      48599 188634.101 58304.213   246938.314 


fpu_double                      47749 182467.534 57618.367   240085.900 
fpu_double                      46041 177338.252 56073.588   233411.840 
fpu_double                      48242 184107.697 58162.258   242269.955 
fpu_double                      45761 173883.676 55755.069   229638.744 
fpu_double                      46275 177935.880 56550.807   234486.686 


fpu_double                      46041 177338.252 56073.588   233411.840 
fpu_double                      46041 177338.252 56073.588   233411.840 
fpu_double                      46041 177338.252 56073.588   233411.840 
fpu_double                      46041 177338.252 56073.588   233411.840 
fpu_double                      46041 177338.252 56073.588   233411.840 


fpu_double                      46041 177338.252 56073.588   233411.840 
fpu_double                      46041 177338.252 56073.588   233411.840 
fpu_double                      46041 177338.252 56073.588   233411.840 
fpu_double                      45614 175594.411 55669.409   231263.820 
fpu_double                      47695 183014.563 57534.304   240548.867 


fpu_double                      46041 177338.252 56073.588   233411.840 
fpu_double                      46041 177338.252 56073.588   233411.840 
fpu_double                      46041 177338.252 56073.588   233411.840 
fpu_double                      46041 177338.252 56073.588   233411.840 
fpu_double                      46041 177338.252 56073.588   233411.840 


