==========================================================================================
Metric                          generic         map             syn_opt         final          
==========================================================================================
Slack (ps):                    -2,139          -2,131          -1,849          -1,849
Slack (ps):                    -1,139          -1,148            -789            -789
Slack (ps):                      -147            -151               0               0
Slack (ps):                       565               1               0               0
Slack (ps):                       825              70               0               0


Slack (ps):                    -2,139          -2,106          -1,802          -1,802
Slack (ps):                    -2,139          -2,131          -1,849          -1,849
Slack (ps):                    -2,139          -2,165          -1,878          -1,878
Slack (ps):                    -2,139          -2,103          -1,848          -1,848
Slack (ps):                    -2,139          -2,106          -1,846          -1,846


Slack (ps):                    -2,139          -2,131          -1,849          -1,849
Slack (ps):                    -2,139          -2,131          -1,849          -1,849
Slack (ps):                    -2,139          -2,131          -1,849          -1,849
Slack (ps):                    -2,139          -2,131          -1,849          -1,849
Slack (ps):                    -2,139          -2,131          -1,849          -1,849


Slack (ps):                    -2,139          -2,131          -1,849          -1,849
Slack (ps):                    -2,139          -2,123          -1,878          -1,878
Slack (ps):                    -2,139          -2,220          -1,898          -1,898
Slack (ps):                    -2,139          -2,215          -1,908          -1,908
Slack (ps):                    -2,139          -2,283          -1,953          -1,953


Slack (ps):                    -2,139          -2,133          -1,832          -1,832
Slack (ps):                    -2,139          -2,131          -1,849          -1,849
Slack (ps):                    -2,139          -2,126          -1,822          -1,822
Slack (ps):                    -2,139          -2,119          -1,840          -1,840
Slack (ps):                    -2,141          -2,101          -1,831          -1,831


Slack (ps):                    -2,139          -2,131          -1,849          -1,849
Slack (ps):                    -2,139          -2,131          -1,849          -1,849
Slack (ps):                    -2,139          -2,131          -1,849          -1,849
Slack (ps):                    -2,139          -2,131          -1,849          -1,849
Slack (ps):                    -2,139          -2,131          -1,849          -1,849


Slack (ps):                    -2,139          -2,131          -1,849          -1,849
Slack (ps):                    -2,139          -2,131          -1,849          -1,849
Slack (ps):                    -2,139          -2,131          -1,849          -1,849
Slack (ps):                    -2,139          -2,131          -1,847          -1,847
Slack (ps):                    -2,139          -2,123          -1,829          -1,829


Slack (ps):                    -2,139          -2,131          -1,849          -1,849
Slack (ps):                    -2,139          -2,131          -1,849          -1,849
Slack (ps):                    -2,139          -2,131          -1,849          -1,849
Slack (ps):                    -2,139          -2,131          -1,849          -1,849
Slack (ps):                    -2,139          -2,131          -1,849          -1,849


