==========================================================================================
Metric                          generic         map             syn_opt         final          
==========================================================================================
Total Cell Area:              207,216         146,392         177,338         177,338
Total Cell Area:              195,664         131,302         158,351         158,351
Total Cell Area:              194,637         114,928         111,953         111,953
Total Cell Area:              189,650          89,031          84,120          84,120
Total Cell Area:              189,245          84,223          80,074          80,074


Total Cell Area:              207,216         197,048         231,502         231,502
Total Cell Area:              207,216         146,392         177,338         177,338
Total Cell Area:              207,216         141,543         177,528         177,528
Total Cell Area:              207,216         146,358         180,450         180,450
Total Cell Area:              207,216         146,452         180,903         180,903


Total Cell Area:              207,216         146,392         177,338         177,338
Total Cell Area:              207,216         146,392         177,338         177,338
Total Cell Area:              207,216         146,392         177,338         177,338
Total Cell Area:              207,216         146,392         177,338         177,338
Total Cell Area:              207,216         146,392         177,338         177,338


Total Cell Area:              207,216         146,392         177,338         177,338
Total Cell Area:              207,362         148,836         182,459         182,459
Total Cell Area:              207,258         148,190         183,496         183,496
Total Cell Area:              207,214         149,726         193,096         193,096
Total Cell Area:              207,206         155,381         188,634         188,634


Total Cell Area:              207,238         147,807         182,468         182,468
Total Cell Area:              207,216         146,392         177,338         177,338
Total Cell Area:              207,223         146,821         184,108         184,108
Total Cell Area:              210,058         147,455         173,884         173,884
Total Cell Area:              221,533         145,221         177,936         177,936


Total Cell Area:              207,216         146,392         177,338         177,338
Total Cell Area:              207,216         146,392         177,338         177,338
Total Cell Area:              207,216         146,392         177,338         177,338
Total Cell Area:              207,216         146,392         177,338         177,338
Total Cell Area:              207,216         146,392         177,338         177,338


Total Cell Area:              207,216         146,392         177,338         177,338
Total Cell Area:              207,216         146,392         177,338         177,338
Total Cell Area:              207,216         146,392         177,338         177,338
Total Cell Area:              207,216         146,391         175,594         175,594
Total Cell Area:              207,216         146,146         183,015         183,015


Total Cell Area:              207,216         146,392         177,338         177,338
Total Cell Area:              207,216         146,392         177,338         177,338
Total Cell Area:              207,216         146,392         177,338         177,338
Total Cell Area:              207,216         146,392         177,338         177,338
Total Cell Area:              207,216         146,392         177,338         177,338


